0039_05169_b-0.jpg 1 0 0 100 70
0055_01981_b-0.jpg 1 0 0 111 78
0006_06035_b-0.jpg 1 0 0 118 82
0005_00512_b-0.jpg 1 0 0 111 78
0000_02187_b-0.jpg 1 0 0 125 88
0047_00966_b-0.jpg 1 0 0 88 61
0039_01689_b-0.jpg 1 0 0 86 60
0039_04131_b-0.jpg 1 0 0 112 79
0021_06361_b-0.jpg 1 0 0 91 64
0041_04542_b-0.jpg 1 0 0 82 58
0044_04330_b-0.jpg 1 0 0 91 64
0031_07285_b-0.jpg 1 0 0 125 88
0000_05696_b-0.jpg 1 0 0 120 84
0004_06801_b-0.jpg 1 0 0 105 74
0051_01757_b-0.jpg 1 0 0 132 92
0054_06642_b-0.jpg 1 0 0 104 72
0041_00436_b-0.jpg 1 0 0 89 62
0048_01689_b-0.jpg 1 0 0 98 69
0043_01757_b-0.jpg 1 0 0 114 80
0041_05679_b-0.jpg 1 0 0 134 94
0049_04098_b-0.jpg 1 0 0 111 78
0043_01879_b-0.jpg 1 0 0 129 90
0042_01875_b-0.jpg 1 0 0 127 89
0010_02063_b-0.jpg 1 0 0 107 75
0042_01141_b-0.jpg 1 0 0 114 80
0054_04076_b-0.jpg 1 0 0 107 75
0009_02194_b-0.jpg 1 0 0 121 85
0054_00940_b-0.jpg 1 0 0 89 62
0001_05318_b-0.jpg 1 0 0 105 74
0049_04676_b-0.jpg 1 0 0 118 82
0014_02176_b-0.jpg 1 0 0 114 80
0045_01821_b-0.jpg 1 0 0 125 88
0006_05286_b-0.jpg 1 0 0 132 92
0020_07156_b-0.jpg 1 0 0 91 64
0048_01752_b-0.jpg 1 0 0 96 68
0019_01137_b-0.jpg 1 0 0 125 88
0005_02171_b-0.jpg 1 0 0 102 71
0000_00532_b-0.jpg 1 0 0 102 71
0017_00195_b-0.jpg 1 0 0 111 78
0048_01264_b-0.jpg 1 0 0 114 80
0045_01558_b-0.jpg 1 0 0 89 62
0005_00490_b-0.jpg 1 0 0 116 81
0007_02188_b-0.jpg 1 0 0 134 94
0018_07248_b-0.jpg 1 0 0 102 71
0047_03046_b-0.jpg 1 0 0 93 65
0041_00486_b-0.jpg 1 0 0 130 91
0041_00507_b-0.jpg 1 0 0 111 78
0022_01753_b-0.jpg 1 0 0 104 72
0010_00004_b-0.jpg 1 0 0 107 75
0053_01877_b-0.jpg 1 0 0 125 88
0038_08198_b-0.jpg 1 0 0 130 91
0054_03047_b-0.jpg 1 0 0 91 64
0027_06458_b-0.jpg 1 0 0 114 80
0028_07031_b-0.jpg 1 0 0 89 62
0009_00490_b-0.jpg 1 0 0 112 79
0041_00951_b-0.jpg 1 0 0 91 64
0003_07398_b-0.jpg 1 0 0 105 74
0056_01153_b-0.jpg 1 0 0 93 65
0036_00507_b-0.jpg 1 0 0 102 71
0019_06895_b-0.jpg 1 0 0 98 69
0051_00959_b-0.jpg 1 0 0 111 78
0047_00717_b-0.jpg 1 0 0 89 62
0046_06635_b-0.jpg 1 0 0 120 84
0028_08102_b-0.jpg 1 0 0 86 60
0054_06669_b-0.jpg 1 0 0 118 82
0007_05159_b-0.jpg 1 0 0 116 81
0052_05252_b-0.jpg 1 0 0 89 62
0054_05705_b-0.jpg 1 0 0 120 84
0013_05647_b-0.jpg 1 0 0 98 69
0038_01762_b-0.jpg 1 0 0 112 79
0042_01746_b-0.jpg 1 0 0 100 70
0019_02163_b-0.jpg 1 0 0 114 80
0006_06797_b-0.jpg 1 0 0 105 74
0054_05482_b-0.jpg 1 0 0 123 86
0047_01152_b-0.jpg 1 0 0 111 78
0003_02063_b-0.jpg 1 0 0 120 84
0011_00515_b-0.jpg 1 0 0 112 79
0023_05798_b-0.jpg 1 0 0 121 85
0046_00961_b-0.jpg 1 0 0 91 64
0049_03047_b-0.jpg 1 0 0 107 75
0046_01762_b-0.jpg 1 0 0 114 80
0028_00196_b-0.jpg 1 0 0 116 81
0020_00536_b-0.jpg 1 0 0 105 74
0025_00457_b-0.jpg 1 0 0 95 66
0009_05325_b-0.jpg 1 0 0 105 74
0000_08244_b-0.jpg 1 0 0 118 82
0050_01152_b-0.jpg 1 0 0 89 62
0002_02183_b-0.jpg 1 0 0 91 64
0045_01674_b-0.jpg 1 0 0 116 81
0046_06241_b-0.jpg 1 0 0 111 78
0053_04375_b-0.jpg 1 0 0 109 76
0048_02005_b-0.jpg 1 0 0 125 88
0012_04539_b-0.jpg 1 0 0 107 75
0020_02063_b-0.jpg 1 0 0 104 72
0047_01868_b-0.jpg 1 0 0 112 79
0042_05741_b-0.jpg 1 0 0 96 68
0000_06886_b-0.jpg 1 0 0 125 88
0041_00697_b-0.jpg 1 0 0 116 81
0043_01133_b-0.jpg 1 0 0 88 61
0047_00970_b-0.jpg 1 0 0 88 61
0002_02554_b-0.jpg 1 0 0 132 92
